Easy   0.001252   0.000003   0.001255 (  0.001249)
Easy   0.012582   0.000025   0.012607 (  0.012572)
Easy   0.002730   0.000043   0.002773 (  0.002687)
Easy   0.000597   0.000004   0.000601 (  0.000596)
Easy   0.000474   0.000007   0.000481 (  0.000475)
Hard   0.109413   0.000786   0.110199 (  0.108969)
Hard   0.474747   0.003600   0.478347 (  0.473294)
Hard   2.667380   0.014310   2.681690 (  2.661090)
Hard   0.704250   0.004928   0.709178 (  0.702202)
Hard   0.049569   0.000279   0.049848 (  0.049274)
Hard   0.020075   0.000827   0.020902 (  0.020276)
Expert   3.680232   0.021776   3.702008 (  3.674629)
Expert   0.094832   0.001950   0.096782 (  0.094428)
Expert   0.418463   0.001982   0.420445 (  0.416899)
Expert   0.620825   0.002106   0.622931 (  0.619012)
Expert   0.201230   0.000906   0.202136 (  0.200520)
Expert   0.857771   0.004008   0.861779 (  0.855616)
Evil   0.813281   0.004792   0.818073 (  0.811324)
Evil   0.165953   0.001128   0.167081 (  0.165149)
Evil   6.832637   0.036460   6.869097 (  6.823595)
Evil   0.198576   0.000763   0.199339 (  0.197672)
Evil   0.425851   0.001554   0.427405 (  0.424571)
Evil   1.369683   0.005389   1.375072 (  1.366604)
Evil   2.010588   0.009156   2.019744 (  2.006746)
Easy   0.001236   0.000004   0.001240 (  0.001237)
Easy   0.012502   0.000090   0.012592 (  0.012373)
Easy   0.003605   0.000035   0.003640 (  0.003466)
Easy   0.000590   0.000005   0.000595 (  0.000588)
Evil   1.374130   0.004590   1.378720 (  1.372061)
Easy   0.011702   0.000071   0.011773 (  0.011675)
Evil   0.427332   0.002143   0.429475 (  0.425912)
Evil   1.378985   0.011209   1.390194 (  1.375020)
Easy   0.001263   0.000006   0.001269 (  0.001259)
Evil   6.828019   0.058086   6.886105 (  6.809610)
Easy   0.012823   0.000091   0.012914 (  0.012725)
Evil   6.930081   0.063481   6.993562 (  6.906567)
Easy   0.001258   0.000005   0.001263 (  0.001258)
Evil   6.831900   0.056545   6.888445 (  6.809669)
Easy   0.001240   0.000003   0.001243 (  0.001237)
Evil   6.852056   0.060132   6.912188 (  6.827590)
Easy   0.001248   0.000004   0.001252 (  0.001245)
Evil   6.962275   0.054608   7.016883 (  6.941499)
Easy   0.001300   0.000035   0.001335 (  0.001306)
Evil   6.938789   0.059464   6.998253 (  6.921470)
Easy   0.001251   0.000004   0.001255 (  0.001251)
Easy   0.012705   0.000154   0.012859 (  0.012541)
Evil   6.921696   0.049971   6.971667 (  6.901163)
Easy   0.001236   0.000003   0.001239 (  0.001234)
Evil   6.802731   0.057481   6.860212 (  6.783347)
Easy   0.001252   0.000003   0.001255 (  0.001252)
Easy   0.001401   0.000032   0.001433 (  0.001261)
Easy   0.002710   0.000043   0.002753 (  0.002694)
Evil   6.845653   0.044653   6.890306 (  6.827649)
Easy   0.001236   0.000003   0.001239 (  0.001234)
Evil   0.804366   0.005874   0.810240 (  0.803767)
Easy   0.001251   0.000017   0.001268 (  0.001258)
Easy   0.001251   0.000007   0.001258 (  0.001250)
Easy   0.001267   0.000020   0.001287 (  0.001259)
Evil   6.838679   0.039120   6.877799 (  6.825599)
Easy   0.001249   0.000004   0.001253 (  0.001250)
Easy   0.001266   0.000027   0.001293 (  0.001259)
Evil   6.845704   0.046877   6.892581 (  6.828193)
Easy   0.001253   0.000006   0.001259 (  0.001254)
Evil   6.847003   0.046478   6.893481 (  6.828913)
Easy   0.001252   0.000005   0.001257 (  0.001249)
Evil   6.850965   0.048762   6.899727 (  6.831815)
Easy   0.001252   0.000005   0.001257 (  0.001248)
Easy   0.002673   0.000024   0.002697 (  0.002682)
Evil   6.855385   0.056877   6.912262 (  6.834545)
Easy   0.001268   0.000053   0.001321 (  0.001290)
Easy   0.002665   0.000003   0.002668 (  0.002662)
Evil   6.872740   0.052201   6.924941 (  6.845724)
Easy   0.001239   0.000003   0.001242 (  0.001234)
Easy   0.002644   0.000013   0.002657 (  0.002648)
Evil   6.802446   0.057237   6.859683 (  6.782313)
Expert   3.669011   0.030744   3.699755 (  3.656519)
Easy   0.001305   0.000036   0.001341 (  0.001252)
Easy   0.001250   0.000004   0.001254 (  0.001248)
Easy   0.000599   0.000002   0.000601 (  0.000596)
Evil   6.939458   0.061345   7.000803 (  6.918498)
Hard   0.109470   0.000891   0.110361 (  0.109277)
Hard   0.468295   0.003079   0.471374 (  0.467129)
